cycle	pop	tcycle	o	zb	za	wb	wa	s	dz0	dz1	dz2	dz3	dz4
4	1	76345	0	0	0.0383494	1	0.999265	-0.00073507	0.0114766	0.030275	0.0138304	0.0106833	0.0108155
5	1	79013	0	0.0383494	0.0410453	0.999265	0.999158	-0.000107013	-0.044431	-0.0427289	-0.00409143	-0.0290964	-0.00769509
5	2	25185	0	0	0.0250372	1	0.999687	-0.000313382	0.000554267	-0.0153353	-0.0119068	-0.00146065	-0.0157315
6	1	93280	0	0.0410453	0.0365271	0.999158	0.999333	0.00017526	0.0119516	-0.005656	0.0136944	0.020303	-0.00664823
12	1	30338	0	0.0365271	0.0288916	0.999333	0.999583	0.000249782	0.025656	0.00707191	-0.0434237	-0.016436	-0.00541869
13	1	99473	0	0.0288916	0.0445958	0.999583	0.999006	-0.000576863	-0.00138628	-0.02516	0.0318984	-0.00689107	0.0170996
14	1	306	0	0.0445958	0.0234864	0.999006	0.999724	0.000718846	-0.0218793	0.0323351	-0.00659473	0.0330432	-0.00292454
14	1	33328	0	0.0234864	0.026262	0.999724	0.999655	-6.90381e-05	0.0150623	0.0159543	-0.017033	-0.017371	0.0137531
15	2	80602	0	0.0250372	0.0293484	0.999687	0.999569	-0.000117225	-0.00763068	0.017269	0.0163145	0.0215159	0.0353751
18	1	35599	0	0.026262	0.0314679	0.999655	0.999505	-0.000150258	0.00901639	-0.00457924	0.0252731	0.0229234	0.00165343
19	2	45541	0	0.0293484	0.0345385	0.999569	0.999404	-0.000165775	0.0215648	-0.0168274	0.0133541	-0.00229388	-0.00823211
21	2	72025	0	0.0345385	0.00970829	0.999404	0.999953	0.000549478	-0.0165874	0.0212798	-0.0215212	-0.0224545	-0.00781946
27	1	15189	0	0.0314679	0.0427781	0.999505	0.999085	-0.000419781	0.0068473	-0.018406	-0.0468498	-0.0005853	-0.00735524
28	1	76367	0	0.0427781	0.0373685	0.999085	0.999302	0.000216808	-0.00901747	-0.000421333	0.00115975	-0.0298438	-0.00630569
28	1	78659	0	0.0373685	0.035796	0.999302	0.99936	5.7524e-05	-0.0266735	0.0293313	0.0165246	0.0227872	0.00174219
29	1	26450	0	0.035796	0.0450421	0.99936	0.998986	-0.000373646	0.0473258	-0.0303722	0.0276593	-0.0236676	0.0222224
29	1	98712	0	0.0450421	0.0273593	0.998986	0.999626	0.000640333	-0.00530394	0.0203335	-0.00486736	-0.00274318	-0.0314906
30	2	19187	0	0.00970829	0.0322994	0.999953	0.999479	-0.000474389	-0.00522715	-0.0186865	0.010271	-0.0221088	-0.0123976
31	2	17293	0	0.0322994	0.0393226	0.999479	0.999227	-0.000251474	-0.0133066	-0.0146377	-0.011884	0.020124	0.0267344
31	2	19132	0	0.0393226	0.0236394	0.999227	0.999721	0.000493842	0.0250649	0.0435526	-0.00453716	0.000737148	-0.0293149
32	2	87841	0	0.0236394	0.0482513	0.999721	0.998837	-0.000884292	-0.00903149	0.0197791	0.00277075	0.0359384	0.00575503
34	2	44934	0	0.0482513	0.0285916	0.998837	0.999591	0.000755641	-0.000526916	-0.0520297	-0.0141229	-0.0203502	0.00437184
42	2	7657	0	0.0285916	0.025668	0.999591	0.999671	7.93194e-05	0.00191679	0.00994997	0.0178615	-0.0103183	0.0258398
42	2	37881	0	0.025668	0.0446362	0.999671	0.999004	-0.000666548	-0.0243103	0.00485228	-0.00574271	0.0309827	-0.0398106
42	2	95033	0	0.0446362	0.0289284	0.999004	0.999582	0.000577935	0.0212208	0.006278	0.0129106	-0.0529773	-0.000249443
46	2	28608	0	0.0289284	0.0517247	0.999582	0.998663	-0.000918876	0.0245491	0.011582	-0.0260889	0.0139625	0.0539309
47	2	29799	0	0.0517247	0.0476615	0.998663	0.998865	0.000201934	0.00447496	0.0226816	0.0356006	0.00927546	-0.0397928
48	2	37167	0	0.0476615	0.0488022	0.998865	0.99881	-5.5014e-05	-0.0604284	-0.0490806	-0.0365474	0.0142973	0.0118175
48	2	55196	0	0.0488022	0.0318888	0.99881	0.999492	0.000682611	0.0346042	-0.0146275	0.00268329	-0.0143223	-0.0131696
58	2	57022	0	0.0318888	0.0302827	0.999492	0.999542	4.99272e-05	0.000745337	0.0126904	0.0084324	0.0189201	0.0187225
61	1	13721	0	0.0273593	0.0307711	0.999626	0.999527	-9.91599e-05	-0.0137442	-0.00796607	0.00839537	-0.00425426	-0.0147124
63	1	49220	0	0.0307711	0.0322044	0.999527	0.999482	-4.51303e-05	0.00102699	-0.0032371	-0.00273962	0.0472009	0.00309461
63	1	70174	0	0.0322044	0.0510771	0.999482	0.998696	-0.000785565	0.004261	0.00922794	-0.0410237	-0.0243778	-0.0287163
63	2	30092	0	0.0302827	0.0481926	0.999542	0.998839	-0.000702493	0.030078	0.0158206	-0.0176617	-0.0124768	-0.0404382
63	2	54914	0	0.0481926	0.054021	0.998839	0.998542	-0.000297826	-0.0756853	-0.00222049	0.0251485	-0.0306377	0.0187701
64	2	16911	0	0.054021	0.0479787	0.998542	0.99885	0.000308202	0.0580084	0.0080038	-0.0326519	0.00189979	-0.00951086
65	1	72460	0	0.0510771	0.0315626	0.998696	0.999502	0.000806662	-0.0170578	-0.020262	0.0524104	-0.00913177	0.0510517
65	2	41232	0	0.0479787	0.0665169	0.99885	0.99779	-0.00106071	0.0290756	-0.00595346	0.0872425	0.032255	0.0316457
65	2	50496	0	0.0665169	0.0377697	0.99779	0.999287	0.0015001	-0.0637204	-0.0165639	-0.025825	-0.0148345	-0.0079776
67	2	20891	0	0.0377697	0.0355695	0.999287	0.999368	8.06838e-05	0.00152298	0.0337034	-0.00826519	0.00778693	-0.0114556
69	1	35297	0	0.0315626	0.0126991	0.999502	0.999919	0.000417552	0.0140469	0.00569191	-0.0261803	0.0118836	-0.0137599
69	2	39996	0	0.0355695	0.0231548	0.999368	0.999732	0.000364589	0.0189041	-0.0187061	-0.00597909	0.016181	-0.00236699
72	1	53777	0	0.0126991	0.035413	0.999919	0.999373	-0.000546255	0.00431808	0.0211074	-0.0194096	-0.0130228	0.0244321
78	1	45002	0	0.035413	0.0359314	0.999373	0.999355	-1.84948e-05	-8.19505e-05	-0.00699351	0.0464646	-0.013239	-0.0256741
81	2	93636	0	0.0231548	0.0249329	0.999732	0.999689	-4.27516e-05	-0.0041102	-0.0155824	-0.00437804	-0.0100485	-0.0110358
84	2	29266	0	0.0249329	0.0336154	0.999689	0.999435	-0.00025414	0.00436853	0.00834091	0.0188559	0.00923995	0.00417773
84	2	44123	0	0.0336154	0.0426455	0.999435	0.999091	-0.000344263	-0.00925302	0.00576388	-0.000305543	0.00415468	0.0353541
85	2	6113	0	0.0426455	0.0500158	0.999091	0.99875	-0.000341413	0.0424296	-0.00708937	-0.0233798	-0.0624287	-0.015736
85	2	74934	0	0.0500158	0.0257009	0.99875	0.99967	0.000920946	-0.0338572	0.0181371	0.00468027	0.0415984	0.0138519
86	2	22830	0	0.0257009	0.0434707	0.99967	0.999056	-0.000614394	-0.0292747	-0.0262599	-0.00154021	0.0164268	-0.00754761
86	2	83031	0	0.0434707	0.0352412	0.999056	0.999379	0.000323934	0.0186155	0.00327411	0.0110595	-0.00291777	-0.0345009
87	1	53653	0	0.0359314	0.0401093	0.999355	0.999196	-0.000158832	0.0151134	-0.00489471	0.000685569	0.0253198	0.0199281
89	2	68435	0	0.0352412	0.0451255	0.999379	0.998982	-0.000397108	-0.0137474	0.011349	0.0048827	-0.041372	0.00870956
90	2	89535	0	0.0451255	0.040299	0.998982	0.999188	0.000206175	0.0127357	-0.0173498	-0.0065998	-0.00275716	0.0220295
93	2	93312	0	0.040299	0.0423259	0.999188	0.999105	-8.37359e-05	-2.95619e-05	0.000220074	0.00192236	0.0552458	0.00767688
96	1	4610	0	0.0401093	0.0422861	0.999196	0.999106	-8.9673e-05	-0.0213459	-0.022888	-0.0133078	-0.0364726	-0.0198832
96	2	50499	0	0.0423259	0.0459229	0.999105	0.998946	-0.0001587	0.0240964	0.00648971	-0.0221517	-0.0629087	-0.0420451
97	1	95833	0	0.0422861	0.0439396	0.999106	0.999035	-7.1286e-05	0.0229419	0.0309234	-0.0141247	0.0147913	0.0318187
97	2	49650	0	0.0459229	0.0499431	0.998946	0.998754	-0.000192685	-0.0331604	0.0401338	-0.000398678	0.0516108	-0.000991832
97	2	55733	0	0.0499431	0.0428566	0.998754	0.999082	0.000328867	0.0246226	-0.0468136	0.0323434	-0.0430232	0.0117794
98	2	41958	0	0.0428566	0.0481686	0.999082	0.998841	-0.00024173	-0.0108251	0.0369736	-0.0510861	-0.00483373	0.00762248
98	2	68277	0	0.0481686	0.0181778	0.998841	0.999835	0.000995384	0.0197004	-0.0256384	0.0314386	0.0290379	-0.00811739
