cycle	pop	tcycle	o	zb	za	wb	wa	s	dz0	dz1	dz2	dz3	dz4
1	1	25372	0	0	0.00274613	1	0.999996	-3.77062e-06	0.00215672	0.000909052	-2.75405e-06	-0.00122811	0.000745088
1	2	96051	0	0	0.00391046	1	0.999992	-7.64583e-06	0.00153461	0.000599036	0.000598037	-0.00234408	-0.00259335
3	2	56758	0	0.00391046	0.0141814	0.999992	0.999899	-9.29064e-05	-0.00621662	-0.00388962	0.00204249	0.0075753	-0.00898361
4	2	74183	0	0.0141814	0.00824536	0.999899	0.999966	6.65659e-05	0.00264359	5.0769e-06	-0.00214594	-0.00190268	0.00511845
5	1	38669	0	0.00274613	0.0118202	0.999996	0.99993	-6.60853e-05	0.00234941	-0.0110278	0.000923069	0.00517687	-0.0015081
5	1	63383	0	0.0118202	0.0175814	0.99993	0.999845	-8.46918e-05	-0.00204704	-0.00432873	0.00270198	0.00489912	0.00247308
6	1	13429	0	0.0175814	0.0197351	0.999845	0.999805	-4.01834e-05	-0.00909828	0.00385779	0.00940736	-0.000920237	-0.00250738
6	1	33473	0	0.0197351	0.0200921	0.999805	0.999798	-7.10793e-06	0.00156734	0.0091384	-0.0162942	0.00830211	-0.00929227
6	2	1437	0	0.00824536	0.0114411	0.999966	0.999935	-3.14564e-05	0.000296341	-0.00162099	0.00181715	0.00152502	-0.00219538
7	1	88027	0	0.0200921	0.0192315	0.999798	0.999815	1.69196e-05	-0.000504081	-0.00163743	0.01482	-0.0144023	-0.00377954
7	2	27360	0	0.0114411	0.0126846	0.999935	0.99992	-1.49994e-05	0.0038816	0.00489747	-0.0010496	0.00195797	-0.00175433
8	1	67462	0	0.0192315	0.0236524	0.999815	0.99972	-9.47865e-05	-0.00265988	-0.00690932	0.00730642	-0.00166822	0.00788177
9	1	58928	0	0.0236524	0.0236677	0.99972	0.99972	-3.62778e-07	-2.16573e-05	9.98723e-06	-3.74927e-05	-3.04143e-05	-0.000163914
10	1	12951	0	0.0236677	0.0232168	0.99972	0.999731	1.05709e-05	-0.00384687	-0.000470583	-0.00316113	-0.000742409	3.52592e-05
10	1	92524	0	0.0232168	0.0234153	0.999731	0.999726	-4.6284e-06	-0.000579112	3.04271e-05	-0.000648371	0.000752859	-0.00117721
11	1	6338	0	0.0234153	0.0152151	0.999726	0.999884	0.0001584	0.00475534	0.00761715	-0.007711	-0.00225635	-0.00285143
11	1	52669	0	0.0152151	0.0146664	0.999884	0.999892	8.19904e-06	0.0005672	-0.00139056	-0.00163127	0.00202201	-0.000394686
11	1	81737	0	0.0146664	0.0150382	0.999892	0.999887	-5.52207e-06	5.59217e-06	-0.000119846	0.00217729	0.000764407	0.000984179
11	1	96392	0	0.0150382	0.00996596	0.999887	0.99995	6.3415e-05	8.43403e-05	-0.00122561	-0.0039436	-2.76011e-05	0.00944568
12	1	35278	0	0.00996596	0.0100769	0.99995	0.999949	-1.11165e-06	-7.23652e-05	-2.90771e-07	0.000139436	2.38119e-05	0.000295339
12	1	75557	0	0.0100769	0.0128617	0.999949	0.999917	-3.1939e-05	0.0033749	-0.00493603	-0.00365073	0.00153872	-0.00608145
12	2	22525	0	0.0126846	0.013733	0.99992	0.999906	-1.38482e-05	0.00153316	0.000439053	-0.00135867	0.00149642	0.000117923
13	1	55085	0	0.0128617	0.0133161	0.999917	0.999911	-5.94817e-06	0.00173227	-0.00237932	-0.00189532	-0.00244206	0.00375973
13	1	92824	0	0.0133161	0.0132147	0.999911	0.999913	1.34517e-06	0.00933447	0.00620187	0.00932782	-0.000490401	0.00638736
13	2	42410	0	0.013733	0.00930502	0.999906	0.999957	5.10072e-05	-0.0064944	0.00613869	0.00200679	-0.00287432	0.0118069
13	2	52759	0	0.00930502	0.0152174	0.999957	0.999884	-7.24897e-05	-0.00780964	-0.00140087	0.00447499	-0.00554225	0.00562852
14	1	34828	0	0.0132147	0.0163791	0.999913	0.999866	-4.68221e-05	-0.00127908	-0.00321884	0.00158451	-0.00302046	0.00159353
14	1	37716	0	0.0163791	0.0177191	0.999866	0.999843	-2.28445e-05	-0.00526061	-0.00389893	0.000866882	0.000522188	-0.00306371
14	1	61260	0	0.0177191	0.0191179	0.999843	0.999817	-2.57643e-05	-0.00248759	-0.00175352	-0.000128156	0.00291993	0.00138924
14	1	93381	0	0.0191179	0.0199454	0.999817	0.999801	-1.61619e-05	-0.00319069	-0.000474281	-0.000602274	0.00351455	-0.000437382
15	1	59736	0	0.0199454	0.0224809	0.999801	0.999747	-5.37851e-05	0.0042116	-0.00342602	0.000930195	-0.00298313	0.000401249
15	1	78113	0	0.0224809	0.0232988	0.999747	0.999729	-1.87202e-05	0.00162097	0.00483584	0.00437744	0.00557302	0.00452254
15	2	51472	0	0.0152174	0.0192962	0.999884	0.999814	-7.03846e-05	-0.00288105	0.00250089	0.00168482	-0.00783134	-0.00881209
15	2	90460	0	0.0192962	0.018329	0.999814	0.999832	1.81956e-05	0.0171455	0.00608182	-0.00204346	0.00206524	0.00959423
16	1	17841	0	0.0232988	0.0177849	0.999729	0.999842	0.000113271	0.00329137	0.00520139	-0.000809779	-0.0021048	-0.00762726
17	1	3479	0	0.0177849	0.0165088	0.999842	0.999864	2.18821e-05	0.00368712	0.00378745	-0.00909809	0.00846634	-0.00412783
17	1	61424	0	0.0165088	0.0184142	0.999864	0.99983	-3.32707e-05	-0.00452314	-0.00924924	0.000718254	-0.00518999	-0.00215844
17	1	91371	0	0.0184142	0.0240659	0.99983	0.99971	-0.000120036	0.000431687	0.0042157	0.0103986	0.00698635	0.00491196
18	1	3005	0	0.0240659	0.0196452	0.99971	0.999807	9.66214e-05	0.00138496	0.0186234	-0.00386122	-0.00178854	0.000971448
18	1	63535	0	0.0196452	0.0172582	0.999807	0.999851	4.40447e-05	-0.00437683	0.00315805	-0.00479308	-0.00185965	0.00286687
18	2	135	0	0.018329	0.0184259	0.999832	0.99983	-1.78106e-06	-0.00058443	-0.00157747	0.000477328	-0.00138158	0.00140439
18	2	69773	0	0.0184259	0.0216429	0.99983	0.999766	-6.44489e-05	-0.000617257	0.00281908	0.00231637	0.0016747	0.00201675
19	1	640	0	0.0172582	0.0168905	0.999851	0.999857	6.27954e-06	-0.0105646	-0.0135092	-0.00832478	-0.0165466	0.00837142
19	1	26619	0	0.0168905	0.0168666	0.999857	0.999858	4.03222e-07	1.97983e-05	-2.14939e-05	1.40645e-05	1.83432e-05	-1.09965e-05
19	1	77406	0	0.0168666	0.0180145	0.999858	0.999838	-2.00209e-05	-0.00218346	-0.0103376	0.00188067	0.00558191	-0.00807956
19	2	2390	0	0.0216429	0.014541	0.999766	0.999894	0.000128496	-0.0104067	-0.0189358	-0.00745322	-0.000212361	-0.00150746
19	2	48556	0	0.014541	0.0156661	0.999894	0.999877	-1.69935e-05	-0.00219068	0.000397397	-0.000109893	0.0017483	0.000721131
19	2	79500	0	0.0156661	0.0152938	0.999877	0.999883	5.76395e-06	-0.000392027	0.00107406	0.000405996	0.000765213	-0.000423543
20	1	75520	0	0.0180145	0.017204	0.999838	0.999852	1.42734e-05	-0.000672539	0.00261333	0.0033866	-0.00262954	-0.00326825
20	2	9558	0	0.0152938	0.0110881	0.999883	0.999939	5.54787e-05	0.0103591	-0.0027811	-0.000115357	0.00227737	-0.000551743
20	2	70769	0	0.0110881	0.014225	0.999939	0.999899	-3.97018e-05	0.00373888	0.00508928	0.00132952	-0.0120445	-0.00622913
20	2	93377	0	0.014225	0.0114494	0.999899	0.999934	3.56315e-05	-0.00388294	0.00188774	-0.00488887	0.00228463	-0.000509203
21	1	36336	0	0.017204	0.0226204	0.999852	0.999744	-0.000107847	-0.00337848	-0.00385772	0.000241932	0.0062644	0.00446552
21	1	77160	0	0.0226204	0.0236235	0.999744	0.999721	-2.31943e-05	-0.00196558	0.00166553	-0.00259735	0.000400895	0.00290705
21	2	25133	0	0.0114494	0.00777957	0.999934	0.99997	3.52842e-05	0.00366735	-0.00328938	0.00793562	0.0089898	0.000114521
23	1	3791	0	0.0236235	0.0235701	0.999721	0.999722	1.26072e-06	0.000229597	3.46932e-05	-0.000732668	-0.000224522	0.000639923
23	1	6579	0	0.0235701	0.0229488	0.999722	0.999737	1.44526e-05	0.00717625	0.00465819	-0.0126596	0.0117941	-0.00861086
23	1	16445	0	0.0229488	0.0143627	0.999737	0.999897	0.000160191	0.00875671	0.00362746	0.00277374	-0.0219416	0.00807786
23	1	65867	0	0.0143627	0.0133959	0.999897	0.99991	1.34194e-05	0.00264781	0.00249957	0.000843048	-0.000526719	-0.000224601
23	1	96172	0	0.0133959	0.0087967	0.99991	0.999961	5.10353e-05	-0.0010735	0.00412864	0.00239158	0.00458529	-0.00202704
23	2	14905	0	0.00777957	0.00546267	0.99997	0.999985	1.53406e-05	5.23465e-05	-0.00133415	-0.00339234	0.000249954	-0.00182324
23	2	29356	0	0.00546267	0.00501531	0.999985	0.999987	2.34374e-06	-0.00101023	0.00102198	-0.0014094	-0.00205515	0.000261072
23	2	41937	0	0.00501531	0.00839966	0.999987	0.999965	-2.27002e-05	0.000818304	0.0011577	0.00493105	0.00609329	0.00271296
23	2	47065	0	0.00839966	0.0205135	0.999965	0.99979	-0.000175109	-0.00510018	-0.0106811	-0.0140616	0.0121184	-0.00709331
23	2	64939	0	0.0205135	0.0154222	0.99979	0.999881	9.14836e-05	0.00920509	0.00587689	0.0169166	-0.0133731	0.0115372
24	1	50329	0	0.0087967	0.0142188	0.999961	0.999899	-6.23939e-05	0.00214588	-0.0119408	-0.00439855	0.00259602	-0.00986752
24	1	55731	0	0.0142188	0.0116236	0.999899	0.999932	3.35333e-05	0.00145432	0.00762643	0.00509486	0.00189498	-0.0057524
24	2	53416	0	0.0154222	0.0157913	0.999881	0.999875	-5.7617e-06	-0.000561506	0.00330562	-0.000746915	-0.00387737	0.00265454
25	1	3749	0	0.0116236	0.0106227	0.999932	0.999944	1.11334e-05	-0.00335224	-0.00264744	-0.00117151	0.00186612	0.00294839
25	1	56319	0	0.0106227	0.00902517	0.999944	0.999959	1.56939e-05	-0.00195065	0.00426284	-0.00106354	0.00153232	0.00480618
25	1	97808	0	0.00902517	0.0118646	0.999959	0.99993	-2.96569e-05	-0.000627833	0.00135772	-0.00147956	0.00252935	-9.18508e-05
25	2	247	0	0.0157913	0.020806	0.999875	0.999784	-9.17577e-05	0.0086418	0.000244778	-0.00850725	-0.00148777	0.00204615
25	2	44078	0	0.020806	0.0171057	0.999784	0.999854	7.01453e-05	-0.00292167	-0.00445221	0.000692398	0.0106027	-0.00590981
25	2	54998	0	0.0171057	0.0266235	0.999854	0.999646	-0.000208082	-0.00191273	-0.0150426	-0.00296319	0.00230822	-0.0145947
25	2	91540	0	0.0266235	0.0191004	0.999646	0.999818	0.000172008	-0.00197545	0.00769318	0.00177983	-0.00222485	-0.000354339
26	1	5111	0	0.0118646	0.0136656	0.99993	0.999907	-2.29902e-05	0.00269854	-0.00162794	0.0107589	0.00510427	-0.00247853
27	1	18265	0	0.0136656	0.0125829	0.999907	0.999921	1.42105e-05	0.000142308	-0.00902917	0.00374276	-0.00700462	0.00612794
27	2	33052	0	0.0191004	0.0118353	0.999818	0.99993	0.000112383	-0.0110165	0.00695688	4.69312e-05	-0.00739857	-0.00168688
27	2	50526	0	0.0118353	0.0115756	0.99993	0.999933	3.03927e-06	-0.0012019	0.00171379	-0.00138415	0.000889461	-0.000190149
28	1	70420	0	0.0125829	0.0092544	0.999921	0.999957	3.6343e-05	-0.00479726	0.0040195	-0.00166395	-0.0022131	0.000554812
29	1	24411	0	0.0092544	0.00785616	0.999957	0.999969	1.19624e-05	0.00279122	0.00409966	-0.000572207	0.00283153	-0.00367902
29	2	4944	0	0.0115756	0.0155121	0.999933	0.99988	-5.33139e-05	0.000927663	-0.00314594	-0.000289592	-0.00743879	-0.000757672
29	2	44977	0	0.0155121	0.0151038	0.99988	0.999886	6.25078e-06	-8.09067e-05	0.000281	-4.16466e-05	0.000124337	0.00033687
29	2	56346	0	0.0151038	0.0116213	0.999886	0.999932	4.65364e-05	0.00891803	0.00523757	0.00381812	-0.00147156	0.00634269
30	2	62871	0	0.0116213	0.011882	0.999932	0.999929	-3.06404e-06	0.000204149	0.000311845	0.00166055	0.000945032	-0.00157286
31	1	13892	0	0.00785616	0.00885887	0.999969	0.999961	-8.38011e-06	-0.00225032	0.00206976	0.00061602	5.48761e-06	0.000407794
31	1	22378	0	0.00885887	0.00908702	0.999961	0.999959	-2.04722e-06	0.00106572	-0.000520189	0.00101412	-0.000612734	-0.0020523
31	1	55657	0	0.00908702	0.0111093	0.999959	0.999938	-2.04215e-05	0.00252703	-0.00839243	-0.00926185	-9.83791e-05	-0.000303722
32	2	980	0	0.011882	0.0142526	0.999929	0.999898	-3.09771e-05	0.00408347	0.0101687	0.00276517	0.00915912	0.00557061
32	2	41302	0	0.0142526	0.0088215	0.999898	0.999961	6.26611e-05	-0.00546049	-0.00575451	-0.00387538	0.00153957	-0.00656146
32	2	54058	0	0.0088215	0.00886115	0.999961	0.999961	-3.50528e-07	7.77689e-05	5.50841e-05	-5.6169e-06	-5.26004e-05	-2.55714e-06
32	2	95757	0	0.00886115	0.0116008	0.999961	0.999933	-2.80294e-05	0.00196216	0.00327582	0.00176373	-8.7244e-05	6.40796e-05
33	1	12886	0	0.0111093	0.00979315	0.999938	0.999952	1.37559e-05	0.000820204	-0.000781693	0.000519595	-0.00737604	0.00181447
33	1	41893	0	0.00979315	0.0236656	0.999952	0.99972	-0.00023205	0.0189847	0.00337539	0.00399636	0.00373965	-0.0106273
33	1	65603	0	0.0236656	0.0194425	0.99972	0.999811	9.10281e-05	-0.0147498	-0.0102206	0.00389695	0.00228326	0.00397248
33	1	89619	0	0.0194425	0.0210656	0.999811	0.999778	-3.28729e-05	0.00427968	-0.000357914	-0.000564308	-0.000265363	-0.000266913
33	2	59728	0	0.0116008	0.0236142	0.999933	0.999721	-0.000211503	-0.00337173	-3.92035e-05	0.0187617	-0.00258853	0.0100168
33	2	82245	0	0.0236142	0.020179	0.999721	0.999796	7.52223e-05	0.0143586	0.00323938	-0.0215682	0.00312726	-0.00352007
33	2	96975	0	0.020179	0.0171081	0.999796	0.999854	5.72531e-05	-0.00301965	-0.00275586	0.00486541	-0.00306504	-0.00239887
34	1	33353	0	0.0210656	0.020242	0.999778	0.999795	1.70105e-05	-0.00151915	-0.00276008	-0.00406311	-0.00228516	0.0088081
34	1	43175	0	0.020242	0.0179167	0.999795	0.99984	4.43654e-05	-0.000569935	0.00277224	0.000832833	0.00259849	-0.000283118
34	1	69728	0	0.0179167	0.0196945	0.99984	0.999806	-3.34314e-05	-0.000913536	-0.00213506	-0.00105824	0.00056548	-0.000680107
34	1	82568	0	0.0196945	0.0154037	0.999806	0.999881	7.53024e-05	-0.004848	0.00308193	-0.000357777	-0.00228197	-0.000389298
34	2	56924	0	0.0171081	0.0101665	0.999854	0.999948	9.46702e-05	-0.00965892	-0.00506781	0.00122287	-0.00121939	-0.00317807
35	1	27818	0	0.0154037	0.0156674	0.999881	0.999877	-4.09736e-06	-0.00132142	-4.18252e-05	-8.20746e-05	0.00136796	0.0020311
35	1	63305	0	0.0156674	0.0134018	0.999877	0.99991	3.29304e-05	-0.00318265	0.00374661	-0.00425321	-0.000266589	-0.000877319
35	2	79516	0	0.0101665	0.0151336	0.999948	0.999885	-6.28317e-05	-0.00209589	0.0030814	0.0072082	0.00194375	0.00302692
36	1	65668	0	0.0134018	0.0164341	0.99991	0.999865	-4.52336e-05	-0.00286392	-0.00246302	0.00318572	0.0020591	-0.00110153
36	1	67355	0	0.0164341	0.0203748	0.999865	0.999792	-7.25244e-05	0.0149853	-4.4022e-05	0.00629994	-0.0165354	-0.00176667
36	1	90596	0	0.0203748	0.0195566	0.999792	0.999809	1.63367e-05	-0.000915725	-8.93924e-05	-0.0010977	0.000246946	0.00130284
36	2	28302	0	0.0151336	0.0129879	0.999885	0.999916	3.01702e-05	-0.00419652	-0.00783741	-0.00404281	-0.00778458	0.000199908
37	1	1052	0	0.0195566	0.0205235	0.999809	0.999789	-1.93765e-05	-0.00253639	0.00208811	-0.00178986	-0.00422914	-0.00372577
37	2	74790	0	0.0129879	0.0258344	0.999916	0.999666	-0.000249335	-0.0113507	-0.0110142	0.000837376	-0.000591156	0.0125892
38	1	62361	0	0.0205235	0.0148411	0.999789	0.99989	0.000100482	-0.00949795	0.00562391	-0.00674187	0.00480914	0.011346
38	2	27605	0	0.0258344	0.0248819	0.999666	0.99969	2.41545e-05	-0.000482927	0.0111966	0.001652	0.0103644	0.00583178
39	1	52090	0	0.0148411	0.015085	0.99989	0.999886	-3.6496e-06	0.00539284	0.00596099	-0.00636117	0.00270533	0.000617965
39	1	87583	0	0.015085	0.0118213	0.999886	0.99993	4.39086e-05	-0.00246602	0.00358555	0.00334723	0.00323661	-0.0132567
39	1	88710	0	0.0118213	0.0144053	0.99993	0.999896	-3.38841e-05	-0.0104236	0.000866079	0.00715902	-0.00101518	0.00205662
39	2	56906	0	0.0248819	0.0190204	0.99969	0.999819	0.000128675	0.00238431	0.00244654	-0.00511915	-0.00902875	-0.00392537
39	2	68898	0	0.0190204	0.0222606	0.999819	0.999752	-6.68772e-05	-0.00693244	-0.00081199	-0.00751211	0.0185847	-0.018149
40	1	1389	0	0.0144053	0.0149102	0.999896	0.999889	-7.40088e-06	-0.000594317	0.00010702	-5.62355e-05	0.000505971	-0.000433811
40	2	39396	0	0.0222606	0.0268973	0.999752	0.999638	-0.00011396	0.0023885	0.0075174	-0.0165391	-0.000803988	-0.00198208
40	2	87070	0	0.0268973	0.0270339	0.999638	0.999635	-3.68219e-06	-0.000630307	0.000482073	0.00052782	-0.000286651	-0.000427228
41	2	2189	0	0.0270339	0.0238991	0.999635	0.999714	7.98346e-05	0.002007	-0.000617816	0.0033556	-0.00419417	-0.0040453
42	1	4006	0	0.0149102	0.0106062	0.999889	0.999944	5.49124e-05	0.00401566	-0.00089588	-0.00236169	0.00256589	0.00131956
42	1	21640	0	0.0106062	0.0110153	0.999944	0.999939	-4.42166e-06	-0.000153119	0.000185782	-0.000757015	-0.00014553	0.00016873
42	1	60850	0	0.0110153	0.0129671	0.999939	0.999916	-2.34048e-05	-0.00171197	0.0017437	-0.00086299	-0.000141724	0.0016984
42	2	11157	0	0.0238991	0.0234179	0.999714	0.999726	1.13839e-05	0.000218858	-0.000710794	-0.000179275	-0.000691894	0.000213605
42	2	30443	0	0.0234179	0.0211033	0.999726	0.999777	5.15276e-05	0.000498279	-0.00247544	0.000891296	0.00113524	0.00336209
42	2	53142	0	0.0211033	0.0210424	0.999777	0.999779	1.28287e-06	0.00117387	-0.000387642	-0.000778812	-0.000293607	-0.000728818
42	2	79619	0	0.0210424	0.0150062	0.999779	0.999887	0.000108804	0.000966755	-0.00177558	0.00499805	-0.00104907	0.00633332
43	1	1754	0	0.0129671	0.0166653	0.999916	0.999861	-5.47919e-05	-0.00304203	-0.00193881	-0.00156918	-0.00159969	-0.00353842
43	2	2080	0	0.0150062	0.0153056	0.999887	0.999883	-4.53858e-06	0.0179427	0.000313305	0.00207706	-0.0068616	-0.00940057
43	2	22138	0	0.0153056	0.0201705	0.999883	0.999797	-8.62901e-05	0.00167094	0.00220008	-0.0056685	0.00125441	-0.00165445
43	2	94980	0	0.0201705	0.0166669	0.999797	0.999861	6.45349e-05	-0.0189233	-0.00236102	0.00112292	0.00397479	0.0069252
44	1	18392	0	0.0166653	0.0104196	0.999861	0.999946	8.45859e-05	0.00557092	-0.00113972	0.00098278	0.000777454	0.00697969
44	1	21149	0	0.0104196	0.0143414	0.999946	0.999897	-4.8552e-05	0.00920615	0.00768385	-0.00147515	0.00964586	0.00240752
44	1	74940	0	0.0143414	0.01886	0.999897	0.999822	-7.50091e-05	-0.00142286	0.00446277	0.00412408	0.00529013	-0.00207164
44	2	35489	0	0.0166669	0.015707	0.999861	0.999877	1.55375e-05	-0.00241983	-0.00620285	0.00317042	-0.00448333	0.0079429
44	2	71051	0	0.015707	0.0141623	0.999877	0.9999	2.30693e-05	0.000796833	0.00265988	0.000815498	0.00125743	0.00203286
45	1	11679	0	0.01886	0.0158896	0.999822	0.999874	5.16104e-05	-0.00143821	-0.00230241	0.00063369	-0.00211219	0.000839527
45	1	13648	0	0.0158896	0.00811393	0.999874	0.999967	9.33266e-05	0.00251533	-0.00761319	-0.00180368	-0.00459445	-0.0045138
45	1	84881	0	0.00811393	0.00848472	0.999967	0.999964	-3.07728e-06	-0.00158398	-0.00302398	-0.00168365	0.000398453	-0.000874119
45	1	98976	0	0.00848472	0.018722	0.999964	0.999825	-0.000139252	-0.0157422	0.00211333	0.0133487	-0.00251753	0.000184991
45	2	19501	0	0.0141623	0.0130843	0.9999	0.999914	1.46859e-05	0.00861014	0.00127143	0.00339145	0.00900301	0.00313955
45	2	50210	0	0.0130843	0.0159404	0.999914	0.999873	-4.14481e-05	-0.00481555	-3.02189e-05	-0.00116912	-0.00767713	0.00656669
45	2	59097	0	0.0159404	0.015049	0.999873	0.999887	1.3813e-05	-0.000248522	0.000223564	0.000614445	-0.000447132	-0.000968466
46	2	39920	0	0.015049	0.0150565	0.999887	0.999887	-1.12409e-07	0.000171334	-0.000195148	4.55594e-05	5.53773e-05	9.18681e-05
46	2	70264	0	0.0150565	0.0184338	0.999887	0.99983	-5.65522e-05	0.00348587	-0.00377948	-0.0049468	-0.00614883	0.00226206
46	2	71696	0	0.0184338	0.024665	0.99983	0.999696	-0.00013427	-0.00800673	-0.0032384	-0.00565709	0.00625417	-0.00136271
47	1	87178	0	0.018722	0.0118878	0.999825	0.999929	0.000104602	0.0188393	0.00482976	-0.00687704	-0.00722407	0.00931237
47	2	32023	0	0.024665	0.0204665	0.999696	0.999791	9.47469e-05	0.0116257	0.00521412	-0.00215153	0.00780102	-0.00695794
48	1	25771	0	0.0118878	0.0118048	0.999929	0.99993	9.82929e-07	0.000649035	0.000646565	-0.00040094	0.000476672	-0.000999926
48	1	53564	0	0.0118048	0.0121961	0.99993	0.999926	-4.69568e-06	0.00149148	0.00012924	-0.00186972	0.000316124	-0.000411848
48	1	95978	0	0.0121961	0.0155981	0.999926	0.999878	-4.72766e-05	0.00204295	0.00295792	0.000510879	-0.000527532	0.000516137
48	2	99591	0	0.0204665	0.0203833	0.999791	0.999792	1.69946e-06	-0.000125787	3.58451e-05	0.000120831	6.34664e-05	-6.67988e-05
49	1	83408	0	0.0155981	0.00471182	0.999878	0.999989	0.000110556	-0.00492509	-0.0136491	-0.00226833	0.0063957	-0.00605856
49	2	3959	0	0.0203833	0.0122491	0.999792	0.999925	0.000132727	0.00065102	-0.00292168	0.00683608	-0.00892669	-0.00197515
50	1	758	0	0.00471182	0.0050964	0.999989	0.999987	-1.88605e-06	0.00083654	0.000784815	-0.000465623	-0.00042161	-0.000542735
50	1	5736	0	0.0050964	0.00673872	0.999987	0.999977	-9.7185e-06	-0.00215609	0.000392647	0.00233026	-0.00648808	0.00543388
50	1	10262	0	0.00673872	0.00680443	0.999977	0.999977	-4.44902e-07	-0.000379035	-0.000702262	-0.000323722	0.000555949	0.000382843
50	1	61928	0	0.00680443	0.0100892	0.999977	0.999949	-2.77456e-05	-0.00223385	-0.00078423	-0.0031623	0.00306658	0.00317828
51	1	39484	0	0.0100892	0.00989675	0.999949	0.999951	1.92332e-06	1.48334e-05	-4.07675e-05	-5.14878e-05	0.000184622	-0.000253446
51	2	12477	0	0.0122491	0.00736363	0.999925	0.999973	4.79103e-05	-0.0034962	0.00822031	0.00407145	0.00188037	-0.00304867
51	2	19230	0	0.00736363	0.00688786	0.999973	0.999976	3.39024e-06	0.000947247	0.00151127	0.00491674	-0.000139786	0.00392819
52	1	5981	0	0.00989675	0.015452	0.999951	0.999881	-7.04065e-05	0.00891326	0.00538645	0.00935269	0.0130769	-0.0109296
53	1	6957	0	0.015452	0.0152714	0.999881	0.999883	2.77325e-06	0.00202821	0.000782394	0.00101754	-0.00205486	0.00165037
53	1	12890	0	0.0152714	0.0158425	0.999883	0.999875	-8.88319e-06	0.00268106	0.000238758	-0.000839776	-0.0015252	0.000931515
53	1	39395	0	0.0158425	0.0148638	0.999875	0.99989	1.50249e-05	-0.0131795	-0.00486965	-0.0132296	0.00265511	0.00384892
54	1	3679	0	0.0148638	0.0136898	0.99989	0.999906	1.67623e-05	0.00083709	0.00359379	0.00149406	-0.00197179	0.0024334
54	1	23282	0	0.0136898	0.0129885	0.999906	0.999916	9.35444e-06	-0.000958708	-0.00683402	0.00265826	-0.0158079	-0.0155723
54	1	56406	0	0.0129885	0.0114674	0.999916	0.999934	1.85998e-05	0.00173299	-0.00506583	0.00202389	0.00129732	0.0046566
54	1	59995	0	0.0114674	0.0132311	0.999934	0.999912	-2.17806e-05	-0.00197226	0.00389029	-0.00155708	0.00197195	-0.00612664
55	1	31810	0	0.0132311	0.00978107	0.999912	0.999952	3.96977e-05	0.00293227	0.00102662	0.000624888	0.000746585	0.00308354
56	1	92069	0	0.00978107	0.0097766	0.999952	0.999952	4.37846e-08	-0.000656848	-0.000380147	0.000327676	4.85262e-05	-8.00948e-07
56	2	60446	0	0.00688786	0.00904695	0.999976	0.999959	-1.72022e-05	0.00391496	0.00490591	0.00205093	0.000978392	-0.00326726
57	1	14077	0	0.0097766	0.0149794	0.999952	0.999888	-6.43986e-05	-0.00211478	-0.00129638	-0.000641025	0.00256108	-0.00534336
57	1	55444	0	0.0149794	0.0123028	0.999888	0.999924	3.65127e-05	-0.0036784	-0.00250269	-0.00362477	-0.0019685	0.0141414
57	1	59967	0	0.0123028	0.0104977	0.999924	0.999945	2.0579e-05	-0.000201432	0.00151511	0.00176869	0.000293023	-0.00250171
57	1	92032	0	0.0104977	0.0124033	0.999945	0.999923	-2.18194e-05	0.00148364	-0.00272636	0.00014616	-0.00130624	-0.00219137
58	2	17266	0	0.00904695	0.00902631	0.999959	0.999959	1.86544e-07	-0.000609123	-0.00249531	0.00311873	-0.000206586	0.0024701
58	2	86392	0	0.00902631	0.0133845	0.999959	0.99991	-4.88346e-05	0.00366736	-0.000351384	0.00229416	0.00494099	-0.00656791
59	1	71003	0	0.0124033	0.0184747	0.999923	0.999829	-9.3732e-05	-0.012775	0.0138227	0.0106366	0.00130181	0.00462854
59	1	94182	0	0.0184747	0.0193452	0.999829	0.999813	-1.64613e-05	-0.000275708	0.0038982	-0.00409613	0.001145	-0.000152672
60	1	37088	0	0.0193452	0.0178095	0.999813	0.999841	2.85298e-05	0.00177045	-0.000101047	-0.000490309	-0.00173167	-0.000961516
60	2	3266	0	0.0133845	0.0139462	0.99991	0.999903	-7.67519e-06	-0.000202502	0.00389423	0.00064572	-0.00246387	0.00223181
60	2	45747	0	0.0139462	0.0162129	0.999903	0.999869	-3.418e-05	-0.000691777	-0.000882479	0.0040687	0.000527366	0.000228759
60	2	73057	0	0.0162129	0.019388	0.999869	0.999812	-5.65169e-05	4.94605e-05	0.00327945	0.00134006	0.00104593	-0.000893772
61	1	23862	0	0.0178095	0.0190531	0.999841	0.999819	-2.29218e-05	-0.00117706	-0.000520929	-0.00108391	-0.00212274	0.0022969
61	1	71716	0	0.0190531	0.0208619	0.999819	0.999782	-3.60972e-05	0.0255608	0.00995817	0.00036217	0.00117982	-0.00725857
61	2	3870	0	0.019388	0.0196545	0.999812	0.999807	-5.20282e-06	-5.8886e-05	0.000378997	-8.51591e-06	0.000157698	3.44809e-05
61	2	40334	0	0.0196545	0.0168823	0.999807	0.999858	5.06455e-05	-0.000788363	-0.00362608	-0.000309197	-0.00125289	-4.48394e-06
62	2	62054	0	0.0168823	0.0129442	0.999858	0.999916	5.87312e-05	-0.010043	-0.00477085	-0.0168702	-0.00465778	-0.00775168
62	2	95692	0	0.0129442	0.0115608	0.999916	0.999933	1.69506e-05	-5.25933e-05	-0.000629689	0.000710701	0.00174009	0.00241807
63	1	54575	0	0.0208619	0.0159414	0.999782	0.999873	9.05482e-05	-0.00664115	-0.0187737	-0.00738836	-0.0104741	0.00175195
63	1	88690	0	0.0159414	0.0160772	0.999873	0.999871	-2.17256e-06	0.00027116	-9.8146e-05	0.000670762	0.00028006	-0.00214731
63	2	33245	0	0.0115608	0.0170859	0.999933	0.999854	-7.91349e-05	0.0150027	-0.00524133	-0.00263946	0.00911217	0.00150796
64	1	41968	0	0.0160772	0.0161234	0.999871	0.99987	-7.44593e-07	8.37572e-05	-2.19492e-05	3.79403e-05	-6.5338e-05	1.58762e-05
64	1	66220	0	0.0161234	0.0141151	0.99987	0.9999	3.03641e-05	-0.00138564	0.000847427	0.00120397	0.00252719	-0.00158778
64	2	46020	0	0.0170859	0.0167623	0.999854	0.99986	5.47631e-06	-0.00809994	-0.00350224	-0.000851008	-0.00963501	-0.00857776
65	1	11854	0	0.0141151	0.0119288	0.9999	0.999929	2.84704e-05	-0.00143895	8.97976e-06	0.00362123	0.00047288	0.00140668
66	1	29509	0	0.0119288	0.0122414	0.999929	0.999925	-3.77736e-06	-0.000236986	0.000309905	-0.000101859	-0.000127362	-0.000359286
66	1	29864	0	0.0122414	0.0109208	0.999925	0.99994	1.52942e-05	0.00287646	0.000983904	-0.00299307	0.00100301	0.00640813
66	1	70902	0	0.0109208	0.0185003	0.99994	0.999829	-0.000111493	0.00625547	-0.0078285	0.000475298	-0.00220817	-0.00849977
66	1	71984	0	0.0185003	0.0217742	0.999829	0.999763	-6.5925e-05	0.000841566	-0.00359502	0.00457352	-0.00292942	-2.54843e-05
66	2	2026	0	0.0167623	0.0121619	0.99986	0.999926	6.65343e-05	-0.00359743	0.00493507	0.00715977	-3.49802e-05	0.00286544
67	1	19696	0	0.0217742	0.0194862	0.999763	0.99981	4.72036e-05	-0.0180102	-0.0045296	-0.0065098	0.0171777	0.00219804
67	1	68177	0	0.0194862	0.0154959	0.99981	0.99988	6.97964e-05	0.00418796	0.000509618	0.0049895	-0.00592023	0.00408314
68	1	11795	0	0.0154959	0.00856442	0.99988	0.999963	8.33911e-05	-0.000627366	0.00922426	0.00303975	0.00187663	0.00640845
68	1	60568	0	0.00856442	0.00962604	0.999963	0.999954	-9.65571e-06	-0.00187475	-0.000237174	-0.00135871	-0.000388726	-0.000514499
68	2	36504	0	0.0121619	0.0185618	0.999926	0.999828	-9.83103e-05	0.00821905	-0.00801275	0.00299661	0.00834501	0.00120158
69	1	88513	0	0.00962604	0.00797159	0.999954	0.999968	1.45574e-05	0.00421094	-0.00125581	0.00192623	-0.000679518	-0.00197912
69	2	39603	0	0.0185618	0.0197305	0.999828	0.999805	-2.23755e-05	0.000100854	0.00123934	0.00103421	0.00251278	0.00044244
70	1	58204	0	0.00797159	0.0103405	0.999968	0.999947	-2.16893e-05	0.00439628	-0.00250251	-0.0027221	0.00683591	-0.00066171
70	1	74819	0	0.0103405	0.0108447	0.999947	0.999941	-5.34088e-06	-0.00115448	-0.000390231	-7.1046e-05	0.000664479	-0.000118389
70	2	22638	0	0.0197305	0.0188671	0.999805	0.999822	1.66633e-05	-0.0016423	0.0160198	0.00535799	-0.0186073	-0.00410211
70	2	28599	0	0.0188671	0.018687	0.999822	0.999825	3.38207e-06	0.004514	0.0012733	-0.000828679	-0.00470405	0.00560626
70	2	45952	0	0.018687	0.0202555	0.999825	0.999795	-3.05401e-05	-0.00631482	-0.0161718	0.00422424	-0.00112342	-0.00148969
70	2	48874	0	0.0202555	0.0199969	0.999795	0.9998	5.20395e-06	-0.00466909	0.00161371	-0.0032613	-0.00310937	0.000241547
71	1	87903	0	0.0108447	0.019172	0.999941	0.999816	-0.000124971	-0.014637	0.0034676	0.002478	-0.0150845	0.0046075
71	1	90390	0	0.019172	0.0135637	0.999816	0.999908	9.18006e-05	0.00665217	0.00208242	-0.00895232	0.00638173	0.00138647
71	2	20038	0	0.0199969	0.0221296	0.9998	0.999755	-4.49207e-05	0.00473347	-0.00285454	0.00141325	0.000177486	-0.00215045
71	2	55439	0	0.0221296	0.0221165	0.999755	0.999755	2.89719e-07	0.00232316	0.000394442	0.00048115	-0.000458365	0.00123328
71	2	60172	0	0.0221165	0.0220907	0.999755	0.999756	5.6963e-07	0.0030707	-0.0011578	0.00273273	0.00259055	0.003608
71	2	71219	0	0.0220907	0.0165007	0.999756	0.999864	0.000107869	-0.00289972	0.00382776	-0.00799726	-0.00285686	0.00747343
71	2	83783	0	0.0165007	0.0165227	0.999864	0.999864	-3.63469e-07	-3.83182e-05	6.54478e-05	8.22674e-05	-1.61338e-05	3.22019e-05
72	1	8811	0	0.0135637	0.0139368	0.999908	0.999903	-5.13136e-06	-0.00186227	0.00603828	0.00218986	0.00506535	0.00173027
72	2	47079	0	0.0165227	0.0175306	0.999864	0.999846	-1.71608e-05	-0.0096565	0.00469011	0.00395409	0.00163219	-0.000718889
72	2	85301	0	0.0175306	0.0134292	0.999846	0.99991	6.34913e-05	0.00273748	0.00686233	-0.000201399	0.00856552	0.000298431
74	1	4390	0	0.0139368	0.0140665	0.999903	0.999901	-1.81536e-06	0.00010496	2.26863e-05	-7.6838e-05	-0.000289655	0.000305373
74	1	13401	0	0.0140665	0.0170024	0.999901	0.999855	-4.56072e-05	-0.0012988	-0.00169051	0.00144121	0.00185698	0.00345934
74	1	44050	0	0.0170024	0.00496363	0.999855	0.999988	0.000132231	0.00895334	-0.000243959	0.0013487	-0.00207263	-0.00851835
74	2	31031	0	0.0134292	0.0165841	0.99991	0.999862	-4.73425e-05	-0.00736796	-0.00803004	-0.000492066	-0.00105261	-0.0057907
74	2	84368	0	0.0165841	0.0115199	0.999862	0.999934	7.11641e-05	0.0141032	0.00613587	-0.00464153	-0.00377629	0.00703283
75	1	8349	0	0.00496363	0.00656677	0.999988	0.999978	-9.24242e-06	-0.000772336	-0.00141792	-0.00115385	0.00109617	0.000501259
75	1	16847	0	0.00656677	0.00590649	0.999978	0.999983	4.11794e-06	0.000991882	-0.000305978	2.83242e-05	-0.00059504	-0.000376931
75	1	38181	0	0.00590649	0.0144293	0.999983	0.999896	-8.6655e-05	0.00127839	-0.00653823	0.0119377	0.00207223	0.00345953
75	1	81803	0	0.0144293	0.0177652	0.999896	0.999842	-5.3697e-05	0.000360485	-0.0027035	-0.000513934	0.00217144	0.00252545
75	1	82284	0	0.0177652	0.0160803	0.999842	0.999871	2.85137e-05	-0.00171871	0.00047287	-0.00171308	-0.00196692	-0.000278976
76	2	34742	0	0.0115199	0.0126012	0.999934	0.999921	-1.30414e-05	0.00291905	0.0048939	0.000753567	0.00843361	-0.00286607
77	1	49926	0	0.0160803	0.016156	0.999871	0.99987	-1.22069e-06	0.000220624	-0.000221246	-0.000240916	-2.69964e-05	7.94351e-05
77	1	73274	0	0.016156	0.0192071	0.99987	0.999816	-5.39467e-05	0.0147176	0.0009817	-0.00264982	-0.00535326	-0.00104615
77	2	59962	0	0.0126012	0.0128181	0.999921	0.999918	-2.75605e-06	0.00163964	-0.000666622	-0.000303584	-0.000155521	0.00103578
78	1	20142	0	0.0192071	0.0113921	0.999816	0.999935	0.000119573	-0.0139674	0.0170092	-0.0103393	0.00647069	-0.0103812
78	1	20195	0	0.0113921	0.00860707	0.999935	0.999963	2.78495e-05	-0.0010434	-0.000625877	0.00390387	-0.00088801	0.00102091
78	1	64996	0	0.00860707	0.0150678	0.999963	0.999886	-7.64751e-05	-0.0104681	-0.00184573	-0.00290249	-0.00230476	-0.00431969
78	2	64923	0	0.0128181	0.0113153	0.999918	0.999936	1.81341e-05	0.00146386	-0.00225379	-0.00388804	0.000794927	-0.00242512
78	2	96461	0	0.0113153	0.0178372	0.999936	0.999841	-9.50602e-05	0.00550495	0.00306592	-0.00513496	0.00264839	0.00129461
79	1	31668	0	0.0150678	0.0147036	0.999886	0.999892	5.42115e-06	0.000469052	0.000351678	0.000115179	-0.000298324	0.000140943
79	1	39479	0	0.0147036	0.00923066	0.999892	0.999957	6.54974e-05	0.00766875	-0.00374717	7.9078e-05	0.000619465	-0.00100723
79	1	86422	0	0.00923066	0.0073125	0.999957	0.999973	1.58663e-05	-0.00271808	-0.000718896	0.00434316	-0.000804375	0.00288912
79	2	63678	0	0.0178372	0.010721	0.999841	0.999943	0.000101617	-0.0145693	-0.00141841	-0.000586369	0.00129343	0.00437892
80	2	14342	0	0.010721	0.0097704	0.999943	0.999952	9.73999e-06	-0.000792692	-0.00148722	0.00175277	0.000374705	0.000984006
80	2	33691	0	0.0097704	0.0100043	0.999952	0.99995	-2.31227e-06	8.46695e-06	-0.00657236	0.00515681	0.00442825	-0.00566994
81	1	53179	0	0.0073125	0.0219782	0.999973	0.999759	-0.00021476	0.0129566	-0.00227845	-0.0158449	-0.0130799	0.00227283
81	1	54137	0	0.0219782	0.021217	0.999759	0.999775	1.6439e-05	-0.0011804	-0.00080512	0.00145708	-0.00103038	0.00143006
81	2	75177	0	0.0100043	0.0148731	0.99995	0.999889	-6.05607e-05	0.000329719	-0.00993186	0.00211425	-0.00763595	-0.00860536
82	1	15941	0	0.021217	0.0230624	0.999775	0.999734	-4.08554e-05	0.00922358	0.00172089	0.00351191	-9.46339e-05	-0.00108631
82	1	33264	0	0.0230624	0.0178261	0.999734	0.999841	0.000107057	-0.00596872	-0.000518443	0.0146052	8.08354e-05	0.00850201
82	1	52086	0	0.0178261	0.018633	0.999841	0.999826	-1.47097e-05	0.000446097	-0.00280702	0.0010773	-0.000450762	-0.000613151
82	2	96196	0	0.0148731	0.0151712	0.999889	0.999885	-4.4767e-06	-0.0042955	0.0117113	0.00226319	-0.00135497	-0.00242392
83	1	90169	0	0.018633	0.0185692	0.999826	0.999828	1.18754e-06	0.000198974	-0.000585305	0.000795106	0.000668368	4.0813e-05
83	2	57750	0	0.0151712	0.0157237	0.999885	0.999876	-8.53478e-06	-0.000740237	-0.00243133	0.00161824	0.00148057	0.000771991
84	1	56418	0	0.0185692	0.0142416	0.999828	0.999899	7.09988e-05	0.00317914	0.00379124	-0.00759149	0.0124572	-0.0139114
84	2	42187	0	0.0157237	0.0205231	0.999876	0.999789	-8.69782e-05	0.0020644	-0.00098783	-0.00148053	0.00433157	-0.00626734
85	1	75333	0	0.0142416	0.0151972	0.999899	0.999885	-1.40653e-05	0.00115502	0.000459779	-0.000565998	-0.000207756	0.000494309
85	2	41910	0	0.0205231	0.0143298	0.999789	0.999897	0.000107933	0.00103745	0.00560784	-0.000326018	0.00385834	0.0123307
86	1	74927	0	0.0151972	0.0184922	0.999885	0.999829	-5.55026e-05	0.00140775	-0.00445682	0.00105373	-0.00529929	-0.00182345
86	2	81354	0	0.0143298	0.0158159	0.999897	0.999875	-2.23997e-05	-0.00524643	0.00566687	0.00126463	-0.0143615	0.00369858
87	2	4874	0	0.0158159	0.023493	0.999875	0.999724	-0.000150878	-0.0071986	0.00349991	0.00081414	-0.0013084	-0.00405416
87	2	27558	0	0.023493	0.0229925	0.999724	0.999736	1.16339e-05	0.00117036	0.000297893	0.00109194	0.00108635	0.000768251
87	2	89767	0	0.0229925	0.0249662	0.999736	0.999688	-4.73291e-05	0.0013477	0.00384318	0.000316296	0.00322677	-0.00203391
88	1	11491	0	0.0184922	0.0193065	0.999829	0.999814	-1.5389e-05	-0.00423406	-0.003309	-0.00150263	-0.00399229	-0.00153042
88	2	7668	0	0.0249662	0.00287688	0.999688	0.999996	0.000307566	0.012777	-0.0172206	-0.00813722	0.00225612	0.00634335
89	1	8203	0	0.0193065	0.018958	0.999814	0.99982	6.66812e-06	-0.000830554	0.000755686	0.000593372	-0.000627209	-0.00039762
89	2	15840	0	0.00287688	0.0166262	0.999996	0.999862	-0.000134068	-0.0105405	0.00492249	0.00161184	0.00126646	-0.0105034
89	2	53802	0	0.0166262	0.0167683	0.999862	0.999859	-2.37329e-06	0.00498458	-0.0012962	0.00503316	0.00857236	0.00506549
89	2	58700	0	0.0167683	0.0247019	0.999859	0.999695	-0.000164489	0.00169477	-0.00828598	0.011549	-0.00182675	-0.00187743
90	1	58986	0	0.018958	0.0242224	0.99982	0.999707	-0.000113654	0.00361833	0.000572457	-0.00055484	0.011964	-0.00905886
90	2	45894	0	0.0247019	0.0208218	0.999695	0.999783	8.83206e-05	0.00115981	-0.00350913	-0.00501445	-0.000628176	0.001322
90	2	87016	0	0.0208218	0.0184189	0.999783	0.99983	4.71467e-05	0.00147786	0.00576635	-0.00452721	0.0011573	-0.00421091
91	1	15126	0	0.0242224	0.0249734	0.999707	0.999688	-1.84737e-05	-0.00166662	0.0122321	0.00950952	-0.0168465	0.00463592
91	1	33940	0	0.0249734	0.0138328	0.999688	0.999904	0.000216187	0.000414074	-0.00136019	-0.000625226	0.016659	0.0135879
91	2	59963	0	0.0184189	0.0144263	0.99983	0.999896	6.55724e-05	-0.00198561	-0.00247595	-0.00956161	-0.00622981	-0.00204073
92	1	42473	0	0.0138328	0.0186028	0.999904	0.999827	-7.73556e-05	0.00465103	0.00266006	-0.00194636	-0.00305627	0.00160736
92	2	22338	0	0.0144263	0.0142218	0.999896	0.999899	2.92801e-06	0.00405116	-0.00416007	0.00422846	7.2844e-05	0.00411105
92	2	56265	0	0.0142218	0.0113981	0.999899	0.999935	3.61731e-05	-0.0013543	0.00229114	0.00138598	-0.00161542	0.00327449
92	2	84731	0	0.0113981	0.0209803	0.999935	0.99978	-0.000155116	-0.016473	-0.000739703	-0.00562194	-0.00785003	-0.0026662
93	1	39548	0	0.0186028	0.0197911	0.999827	0.999804	-2.28123e-05	0.00265617	-0.00684296	-0.00503623	0.00263338	6.2478e-05
93	1	59453	0	0.0197911	0.0162692	0.999804	0.999868	6.35029e-05	-0.00365529	0.00268555	0.00380482	0.000398968	-0.00164906
93	2	38741	0	0.0209803	0.0164984	0.99978	0.999864	8.39915e-05	0.012162	0.0117044	-0.00244537	-0.00595914	0.0173173
93	2	72946	0	0.0164984	0.0160296	0.999864	0.999872	7.62403e-06	0.00926369	0.00393082	-0.00716516	0.00186967	-0.0101583
94	1	19694	0	0.0162692	0.0148444	0.999868	0.99989	2.21654e-05	-0.00533496	0.00276854	-0.00348864	0.00425002	0.00664205
94	2	1963	0	0.0160296	0.00989185	0.999872	0.999951	7.95527e-05	-0.00420178	-0.00563163	0.00490702	0.00250365	0.0056399
95	1	46741	0	0.0148444	0.0195211	0.99989	0.999809	-8.03567e-05	-0.00480049	0.0123873	0.00157824	-0.00262122	-0.0103756
95	1	97703	0	0.0195211	0.015075	0.999809	0.999886	7.69132e-05	0.00288163	-0.00659193	-0.00341286	-0.00101851	0.00213538
95	2	33306	0	0.00989185	0.00987534	0.999951	0.999951	1.63109e-07	0.00325709	0.00175442	0.00529903	0.000277298	-0.00677212
96	2	25478	0	0.00987534	0.00983432	0.999951	0.999952	4.04307e-07	-0.000954239	-0.000781952	-0.00342608	-0.00123209	0.00173539
96	2	75372	0	0.00983432	0.0121051	0.999952	0.999927	-2.49095e-05	0.000214791	0.00620505	-0.00127493	0.00335225	0.00304126
96	2	89394	0	0.0121051	0.0164578	0.999927	0.999865	-6.21603e-05	0.003257	-0.00131459	-0.00666968	0.0139365	-0.00455472
98	1	24550	0	0.015075	0.0177862	0.999886	0.999842	-4.45468e-05	0.0039816	-0.00317429	-0.00224216	0.00216629	-0.00402222
98	1	29833	0	0.0177862	0.0175974	0.999842	0.999845	3.34084e-06	-0.00318127	0.000525349	-0.00481338	-0.00367001	0.00108999
98	1	74667	0	0.0175974	0.0129797	0.999845	0.999916	7.06001e-05	-0.00246731	-0.0033922	0.0023876	-0.0044777	0.00529642
98	2	3659	0	0.0164578	0.0135697	0.999865	0.999908	4.33621e-05	-0.00113251	-0.0014046	0.0044623	-0.00230143	0.00861008
98	2	31373	0	0.0135697	0.0130747	0.999908	0.999915	6.59397e-06	-0.000949435	-0.00172236	0.0023297	0.0031266	-0.0123084
98	2	56573	0	0.0130747	0.0128271	0.999915	0.999918	3.20605e-06	-8.76947e-05	0.000457197	0.000308504	-0.0011619	-0.000934756
99	2	48832	0	0.0128271	0.0147506	0.999918	0.999891	-2.65222e-05	0.00010667	-0.000413274	-0.000429294	0.00327797	0.000853732
100	2	96360	0	0.0147506	0.0198278	0.999891	0.999803	-8.77775e-05	-0.0140686	-0.00491469	0.00890329	0.00424386	0.00690969
