cycle	pop	tcycle	o	zb	za	wb	wa	s	dz0	dz1
0	0	0	0	0	0.0194206	1	0.999811	-0.000188561	-0.00877891	0.0173231
0	0	0	0	0.0194206	0.0129901	0.999811	0.999916	0.000104213	0.0060492	-0.00462301
0	0	0	0	0.0129901	0.00758158	0.999916	0.999971	5.5633e-05	0.00959688	-0.00948726
1	1	50988	0	0.00758158	0.0258893	0.999971	0.999665	-0.000306341	-0.0139399	0.0216917
1	1	53069	0	0.0258893	0.0284391	0.999665	0.999596	-6.92607e-05	0.0215024	-0.000397986
1	1	58100	0	0.0284391	0.0315947	0.999596	0.999501	-9.4716e-05	-0.0187591	0.00679015
1	1	59549	0	0.0315947	0.0544427	0.999501	0.998519	-0.000982411	0.0529283	-0.00675755
1	1	60252	0	0.0544427	0.0368774	0.998519	0.99932	0.000802358	-0.0127689	-0.0158122
1	1	62007	0	0.0368774	0.00907675	0.99932	0.999959	0.000638981	-0.0432041	-0.00343455
1	1	73357	0	0.00907675	0.00954195	0.999959	0.999954	-4.33073e-06	0.0138417	0.00172338
1	1	74810	0	0.00954195	0.00363477	0.999954	0.999993	3.89194e-05	-0.00328477	-0.00877111
1	1	75516	0	0.00363477	0.0329916	0.999993	0.999456	-0.000537471	-0.0318074	0.0181588
1	1	77016	0	0.0329916	0.02849	0.999456	0.999594	0.000138391	0.0513778	-0.0335491
1	1	83488	0	0.02849	0.0233282	0.999594	0.999728	0.000133746	-0.00620829	0.0006996
1	1	87353	0	0.0233282	0.0182564	0.999728	0.999833	0.000105461	0.00156625	0.0187442
1	1	91976	0	0.0182564	0.0382923	0.999833	0.999267	-0.000566344	-0.054369	0.0100173
1	2	8791	0	0.00758158	0.0104001	0.999971	0.999946	-2.53401e-05	0.00343481	-0.00463771
1	2	9095	0	0.0104001	0.0221794	0.999946	0.999754	-0.000191864	-0.0321204	-0.00256045
1	2	10981	0	0.0221794	0.0230467	0.999754	0.999734	-1.96127e-05	0.0275974	0.0262958
1	2	12669	0	0.0230467	0.0065341	0.999734	0.999979	0.000244259	-0.0045344	-0.015896
1	2	37009	0	0.0065341	0.0138262	0.999979	0.999904	-7.42317e-05	0.00346728	0.00658405
1	2	48663	0	0.0138262	0.0353604	0.999904	0.999375	-0.000529459	0.0070989	0.0203311
1	2	49976	0	0.0353604	0.0237922	0.999375	0.999717	0.000342206	0.0118958	-0.0313129
1	2	57910	0	0.0237922	0.023823	0.999717	0.999716	-7.33164e-07	-0.00537891	-0.0172363
1	2	63096	0	0.023823	0.0111475	0.999716	0.999938	0.000221658	-0.0102541	0.00753278
1	2	66000	0	0.0111475	0.00836109	0.999938	0.999965	2.71801e-05	-0.00550397	-0.000269772
1	2	74105	0	0.00836109	0.0185107	0.999965	0.999829	-0.00013636	-0.0128934	0.0233208
2	1	5351	0	0.0382923	0.029413	0.999267	0.999568	0.000300635	0.00977291	0.000477909
2	1	7344	0	0.029413	0.0244857	0.999568	0.9997	0.000132797	0.00522092	-0.000653011
2	1	7609	0	0.0244857	0.0323887	0.9997	0.999476	-0.000224716	-0.00226095	0.0101218
2	1	10970	0	0.0323887	0.0242502	0.999476	0.999706	0.000230506	0.00992199	-0.0423378
2	1	12862	0	0.0242502	0.0245881	0.999706	0.999698	-8.25174e-06	-0.00787604	0.00810789
2	1	60097	0	0.0245881	0.011799	0.999698	0.99993	0.000232707	0.0330109	0.0144639
2	1	82762	0	0.011799	0.0235527	0.99993	0.999723	-0.000207736	-0.0212785	-0.0239376
2	1	87969	0	0.0235527	0.0189	0.999723	0.999821	9.87647e-05	-0.0022709	0.00685405
2	1	91851	0	0.0189	0.019624	0.999821	0.999807	-1.39455e-05	-0.000607936	-0.000435989
2	1	91989	0	0.019624	0.0431605	0.999807	0.999069	-0.000738589	0.0122599	-0.0281356
2	1	92432	0	0.0431605	0.0180788	0.999069	0.999837	0.000768287	-0.0163252	0.0362118
2	1	93641	0	0.0180788	0.0309505	0.999837	0.999521	-0.000315496	-0.00408841	0.0298853
2	2	15180	0	0.0185107	0.0208139	0.999829	0.999783	-4.5285e-05	0.00287448	-0.0347995
2	2	30729	0	0.0208139	0.0189373	0.999783	0.999821	3.72991e-05	0.00150784	0.00145406
2	2	34441	0	0.0189373	0.0217761	0.999821	0.999763	-5.77862e-05	0.00417069	-0.00372285
2	2	36865	0	0.0217761	0.0372573	0.999763	0.999306	-0.000456852	-0.00287589	-0.0152625
2	2	47328	0	0.0372573	0.0352993	0.999306	0.999377	7.10382e-05	0.00120559	0.0018353
2	2	57136	0	0.0352993	0.00999678	0.999377	0.99995	0.000573216	0.0124925	0.0308876
2	2	62531	0	0.00999678	0.0302511	0.99995	0.999543	-0.000407513	0.0145814	0.0231279
2	2	67623	0	0.0302511	0.0301823	0.999543	0.999545	2.07752e-06	-0.00431223	0.00430375
2	2	70361	0	0.0301823	0.00820943	0.999545	0.999966	0.000421878	-0.0270324	-0.0203736
2	2	73884	0	0.00820943	0.00719516	0.999966	0.999974	7.81226e-06	0.010607	-0.00940157
2	2	96114	0	0.00719516	0.00903834	0.999974	0.999959	-1.49605e-05	-0.00492243	-0.00222102
3	1	24606	0	0.0309505	0.0141375	0.999521	0.9999	0.000379105	0.032684	-0.0305634
3	1	58156	0	0.0141375	0.0228805	0.9999	0.999738	-0.000161811	-0.0137392	-0.0151816
3	1	74687	0	0.0228805	0.0228434	0.999738	0.999739	8.463e-07	-0.00132564	0.000182992
3	1	94573	0	0.0228434	0.0187944	0.999739	0.999823	8.43006e-05	-0.00358027	0.040168
3	2	1892	0	0.00903834	0.0067887	0.999959	0.999977	1.78027e-05	0.00682634	0.0136097
3	2	6900	0	0.0067887	0.00730063	0.999977	0.999973	-3.60633e-06	0.00107039	-0.00914324
3	2	12217	0	0.00730063	0.00488678	0.999973	0.999988	1.47094e-05	-0.00240268	0.000897391
3	2	12919	0	0.00488678	0.0164466	0.999988	0.999865	-0.000123297	0.0109524	-0.00446659
3	2	39985	0	0.0164466	0.0236902	0.999865	0.999719	-0.000145357	0.00207876	0.0249121
3	2	48599	0	0.0236902	0.0296017	0.999719	0.999562	-0.000157507	0.0129669	-0.0198456
3	2	49351	0	0.0296017	0.0186609	0.999562	0.999826	0.000264051	-0.0206998	0.0193187
3	2	50988	0	0.0186609	0.0201459	0.999826	0.999797	-2.88139e-05	-0.0247123	-0.00416414
3	2	54357	0	0.0201459	0.0301232	0.999797	0.999546	-0.000250743	-0.0117198	-0.000396448
3	2	56226	0	0.0301232	0.0133563	0.999546	0.999911	0.000364575	0.022982	0.000593755
3	2	59542	0	0.0133563	0.0079181	0.999911	0.999969	5.78484e-05	0.0118932	-0.00923038
3	2	71205	0	0.0079181	0.00312108	0.999969	0.999995	2.6478e-05	-0.00551666	-0.000654183
3	2	79484	0	0.00312108	0.0159948	0.999995	0.999872	-0.000123038	0.00305464	0.0126514
3	2	82035	0	0.0159948	0.0240879	0.999872	0.99971	-0.000162185	0.0157563	-0.027919
3	2	95279	0	0.0240879	0.0222	0.99971	0.999754	4.36965e-05	-0.0159941	-0.00909283
4	1	1808	0	0.0187944	0.0141981	0.999823	0.999899	7.58242e-05	-0.00737684	-0.0160302
4	1	34463	0	0.0141981	0.00739696	0.999899	0.999973	7.34383e-05	0.0126493	-0.00876379
4	1	40231	0	0.00739696	0.00269756	0.999973	0.999996	2.37194e-05	0.00335092	0.00531832
4	1	61408	0	0.00269756	0.0208305	0.999996	0.999783	-0.000213294	0.00249003	0.0222978
4	2	17600	0	0.0222	0.0186102	0.999754	0.999827	7.3251e-05	0.000478342	0.00380765
4	2	18274	0	0.0186102	0.0196332	0.999827	0.999807	-1.9561e-05	-0.0155525	0.00138209
4	2	29235	0	0.0196332	0.0182029	0.999807	0.999834	2.70592e-05	0.00137489	0.000835529
4	2	31936	0	0.0182029	0.0206238	0.999834	0.999787	-4.69968e-05	0.00906831	0.0363356
4	2	42743	0	0.0206238	0.0377333	0.999787	0.999288	-0.000499107	0.0161928	0.0135168
4	2	45275	0	0.0377333	0.0282051	0.999288	0.999602	0.000314188	-0.0288735	-0.00900865
4	2	71562	0	0.0282051	0.0334759	0.999602	0.99944	-0.000162541	-0.0120849	-0.0475192
4	2	75169	0	0.0334759	0.00441159	0.99944	0.99999	0.000550738	0.0262367	0.0265881
4	2	76383	0	0.00441159	0.0295631	0.99999	0.999563	-0.000427165	0.0034105	0.024977
4	2	80720	0	0.0295631	0.0266543	0.999563	0.999645	8.17641e-05	0.00162492	-0.00329895
4	2	84787	0	0.0266543	0.0276926	0.999645	0.999617	-2.82136e-05	-0.0113555	0.00136409
4	2	85427	0	0.0276926	0.0222573	0.999617	0.999752	0.000135757	-0.00981861	-0.0106104
4	2	89072	0	0.0222573	0.0248123	0.999752	0.999692	-6.0129e-05	-0.00186945	0.00175521
5	1	15291	0	0.0208305	0.0174858	0.999783	0.999847	6.40814e-05	-0.000102333	-0.00341012
5	1	46155	0	0.0174858	0.0215203	0.999847	0.999768	-7.86831e-05	0.000519387	0.00402425
5	1	64325	0	0.0215203	0.020024	0.999768	0.9998	3.10821e-05	-0.00948276	-0.00151404
5	1	80408	0	0.020024	0.0259738	0.9998	0.999663	-0.000136829	-0.0173218	-0.00568216
5	1	82792	0	0.0259738	0.0174852	0.999663	0.999847	0.00018447	0.0113243	5.24318e-05
5	1	92341	0	0.0174852	0.0159755	0.999847	0.999872	2.52579e-05	0.0184146	0.000147243
5	1	95588	0	0.0159755	0.0136306	0.999872	0.999907	3.47119e-05	-0.00338694	-0.00106183
5	2	18745	0	0.0248123	0.0196199	0.999692	0.999808	0.00011536	0.0100748	9.44027e-05
5	2	29090	0	0.0196199	0.0178183	0.999808	0.999841	3.37259e-05	-0.00981527	-0.011516
5	2	30732	0	0.0178183	0.0150193	0.999841	0.999887	4.5957e-05	0.00161846	-0.00430541
5	2	52810	0	0.0150193	0.00521199	0.999887	0.999986	9.92122e-05	0.00956986	-0.00268401
5	2	54465	0	0.00521199	0.000666291	0.999986	1	1.33605e-05	0.00514544	-0.000639376
5	2	59959	0	0.000666291	0.0149596	1	0.999888	-0.000111666	-0.0100069	-0.0103967
5	2	73421	0	0.0149596	0.0195822	0.999888	0.999808	-7.98335e-05	0.00124552	-0.00641978
5	2	88788	0	0.0195822	0.0241867	0.999808	0.999708	-0.000100763	-0.011993	0.00517129
