N n s diff1 diff2 k nmuts ncycles MVN sigma replic
* 5000 5 0.01 0 0 2 100000 100 0 0.5 1
* 5000 5 0.01 0 0 4 100000 100 0 0.5 1
* 5000 5 0.01 0 0 6 100000 100 0 0.5 1
* 5000 1 0.01 0 0 2 100000 100 0 0.5 1
* 5000 2 0.01 0 0 2 100000 100 0 0.5 1
* 5000 50 0.01 0 0 2 100000 100 0 0.5 1
* 200 5 0.01 0 0 2 100000 100 0 0.5 1
* 500 5 0.01 0 0 2 100000 100 0 0.5 1
* 1000 5 0.01 0 0 2 100000 100 0 0.5 1
* 20000 5 0.01 0 0 2 100000 100 0 0.5 1
* 5000 5 0.01 1 1 2 100000 100 0 0.5 1
* 5000 5 0.01 1 3 2 100000 100 0 0.5 1
* 5000 5 0.01 1 -1 2 100000 100 0 0.5 1
* 5000 5 0.01 1 0 2 100000 100 0 0.5 1
* 5000 5 0.01 0 0 2 100000 100 1 0.5 1
